5276807
1501606
5189652
1060914
5276811
27471615
26090112
5188837
27540403
25842621
1300089
5276804
1060910
1375805
25954841
1698603
25821518
5276803
1607259
1145380
25954838
25842623
25961289
27200546
18001009
25961283
26090106
18558271
25954835
5276802
1063381
27540401
114295
25954852
5211613
342047
27471628
481859609
667181
25295034
5180142
25954848
406024527
1415254
5211604
180283
39869701
5105959
22314096
28357876
5276810
5211588
33638506
1990476
27471629
23012737
435552796
25480736
25935317
1649886
27708297
28122997
1779300
25954832
26090135
25820778
25726975
19648868
5189650
25820783
25820777
5180136
25954844
516991614
555263100
5276815
27182195
25954853
25954828
1369156
33638486
26818416
25830158
25954827
28122981
5276816
5259484
25729602
25820780
28357878
1458550
25842624
22006156
21183819
22006389
122631
25813886
25830162
22000530
5085898