1400256289
1404906595
1404884182
1405319676
1400436688
1404511131
1399533630
1403250178
1401267982
1399112638
1400050991
1404506704
1405135261
1401482684
1400047314
1405207289
1403445370
1404511134
1404259877
1403757375
1403435714
1405142459
1404820541
1401295998
1403556289
1403800769
1404819940
1403858538
1403774122
1405062386
1403318151
1403741713
1404819634
1397680229
1399076217
1405128414
1405292993
1404492361
1400453707
1404820542
1401909095
1403786342
1404486086
1378675172
1401919218
1400262458
1403858540
1397679288
1400261501
1403204015
1397317478
1401922336
1397489326
1404492669
1403840971
1402872269
1401204171
1404921191
1405028585
1404746581
1403490989
1404523453
1404479893
1401435281
1404228064
1403724055
1400419012
1405062816
1402551314
1404535869
1401656653
497572729
1403093886
1404261968
1405108611
1403783252
1404722668
1401497267
1402886170
1403774418
1391639224
1403103637
1405096314
1404654235
1405083231
1400390603
1403046117
1404456432
1403858544
1404849861
1403860231
1403087947
1401894212
1399706348
1403626131
1403508812
1404497059
1400413491
1405349492
1401503275