1363948882
1400256289
550138197
1382596189
1397345903
1396973729
1364343491
1357785909
1403250178
1383927243
1381755293
1391891631
1331819951
1365898499
1369798757
1365393542
1400436688
1363205817
1346104327
208902
1356350562
441491828
516323185
1330348068
1359356908
536096151
411214279
1404511131
412911436
1385856956
1313354324
1403445370
1336856777
1399533630
1388357890
1373168742
1372796676
1383876635
569213220
1293886117
554241732
574566207
512359195
1344897943
1357999894
1404506704
1396568325
460578140
1349292048
1365221826
28018075
480580003
1376142151
1377078201
1401267982
1384527426
1396602869
1383403530
1343756008
28481189
526464145
513360721
1357825630
29004400
28907016
108390
553815178
1382423403
461347998
515453363
1335350269
287035
36270426
1396073496
536622304
1378491298
417859631
1300994613
1372060183
31445772
1355147933
1404511134
1301884692
1387592437
1403741713
254574
1363078221
452601948
435288399
1369601580
1300528275
86369
25727803
1396162013
1381794809
1338695683
514761281
474739467
30431364
1400047314
1315718569
30953009
449818741
569200213
1362125019
1380075991
1308818967
1398283841
515269424
406072775
536099160
483671599
1403757375
418602088
541687281
26060065
523251118
1373225817
1383011509
1397674264
571338279
534540206
27759600
451703096
31789010
569214126
1367452194
480426313
209758
436487129
557584888
1384971398
452986458
1361988914
1328146041
27959259
406475394
28815250
1378491296
553755659
1403556289
440208476
65766
347230
1351520305
1379456709
36990266
423228325
139774
442314990
1375935067
528326686
1336856864
534542079
1375941658
175072
190072
487885426
426291544
30352891
445665094
450853439
1358554236
1344814341
1378945187
32835565
1374056687
1374489910
28391219
1403435714
1367368790
421423806
25788001
424264505
476513774
31010566
29814898
1376166020
108138
1334295185
1401482684
29561077
27890306
566436427
401249910
1362247767
1296833312
2919622
19542337
28059417
410654865
502043537
1363553512
479598964
485992506
541511427
505449407
29009655
1374051000