1403774122
1397725153
1398317918
1381724376
1404051236
1400243461
1399256538
1404485982
1396035400
1398447392
1381723556
1398617270
1396666304
1401456829
1388181876
1399995869
1387142737
1401860915
1398944566
1401235723
1390398318
1388828303
1381723547
1396023073
1386496659
1401899937
1398451197
1399256902
1399996405
1400260716
1401278383
1403280196
1399996436
1399995864
1399996437
1381054296
1390124713
1399996440
1400227877
1403062126
1394807008
1399995866
1399995846
1381723560
1399996441
1399996406
1395807189
1399995865
1398320466
1393152304
1399996438
1400002495
1393983478
1393152305
1399996443
1396840772
1403280203
1396905934
1404488768
1403087325
1393984351
1395935939
1380438486
1398299689
1399996404
1396905930
1400822924
1399995832
1403272763
1394096957
1404485981
1404871829
1399995841
1403280201
1392924993
1387149211
1397640801
1404492635
1395784893
1386660543
1403280198
1397635239
1401045538
1396150450
1404713784
1397118378
1398242388
1381724372
1398320493
1403081936
1403280202
1399996439
1399995867
1385182172
1403280205
1404871830
1399996442
1392728896
1381723550
1401860896