515453363
461347998
418602088
31789010
436487129
480426313
423228325
3932159
29561077
31356499
1324159296
32019002
1347133940
32835377
464863017
30870608
543987451
485612576
419594258
1368324900
1365398014
407889615
456185577
1299570939
36668810
1297498908
441491410
418603096
33035611
29806043
543927569
29947420
465920775
30394891
1331996746
417859039
431855270
444269135
28263911
1333160781
1333186383
1338490248
30064175
484365611
37955047
41500546
411314681
444324644
29787426
571338636