1400256289
1369798757
1363553512
1399706348
407759201
1402612060
1357785909
1396366287
399347060
1356511860
1400449836
1402887839
1388334766
1399113845
1395939464
1401861812
1329013841
1394183561
528272229
1399103972
1387359367
1380464602
1376093547
1349976103
1396162013
574505872
1333128434
1396023850
1378869403
1391863865
1386921258
1391171515
1336088807
1396170275
1395252835
1388343856
1388547656
1392761442
1384482932
1390477149
1392154484
1393192820
1394153828
1389141051
1392970596
1387591809
1388161108
1387138035
1368934278
1388589181
1384521706
1387645908
1385175622
1390760876
1386701582
460112012
1389040382
1380288714
1389856119
1381053140
1387416569
1351112642
1384056807
1393178406
1383937819
1382596189
1382929911
1387182731
1372774068
1388344643
1380288747
1384822708
165379
486814412
1382980286
1382357637
1381084509
1357839878
525122066
544151816
1351620450
1381562073
1374445862
1378700973
1378082521
1376867679
1381755810
1375212396
1380832770
1380288958
1365648488
1374781011
1382748701
1379644308
1372342909
1364381428
1372976167
1361361165