1397679288
497572729
1404492669
1403103637
1402868762
1403783252
1403741617
1403840971
1403786342
1403799998
1403530810
1404746581
1404456432
1401919218
1402959027
1403129246
1403359023
1403490989
1402883968
1403764384
1403626131
1404832887
1404149972
1403496075
1404588153
1403626834
1403724443
1404279566
1403081458
1403532625
1402551314
1404486086
1357785909
1391891631
1400050991
1396162013
1401024542
1387183835
1392971370
1396141677
1394963332
1386921258
1385646451
1403125411
1399076217
1395632515
1402522546
1402872269
1400493618
1404261968
1396208034
1403965570
1400197338
1386726768
1401726358
1389874526
1390480881
1399156588
1396205229
1403553069
1390532238
1396005540
1403508812
1403093886
1401922336
1367867672
1387152054
1400856154
1401919831
1398687279
1404479816
1396005548
1401894212
1404149036
1394155242
1400110453
1403786235
1387629743
1403046117
1401503275
1403756319
1402802712
1390484461
1396524628
1399517314
1304427659
1403062504
1403125756
1377372468
1385597432
1385858544
1398663352
1400258377
1390298115
1378479700
1389431504
1385144622
1402872324
1400390603
1395935420