1404884182
1385597432
1405142459
1390453809
1374329431
1389874526
1399112638
1386876006
1366115263
1400554329
1403858540
1403493619
1363205817
1397680229
1392150878
1362247767
460578140
1396382563
1368398851
1380262830
1398283841
1397725153
1349892968
1403774122
1405349492
1337205804
465921195
1403858544
1402718552
1343008883
1352968308
501928179
1404737015
1405255667
1404267088
1404386080
1403858543
1404722668
1374056688
1356140478
1351973294
1401852040
1309915152
1333352692
1300994613
1404531387
1400436688
28031119
1402872269
554241732
1325896374
1378491298
29814898
27731537
1379095243
1308778504
1405527721
1382423403
1395822684
1402598091
553398529
571472967
1351242673
1404649291
1372060183
1358213922
1404456432
28018075
1382592790
1393345696
571340214
1385569251
1405575002
26494739
1403724055
551816010
1398283848
1398283847
442869203
1405709611
1390469916
1401909677
399354184
1359780673
1391453675
1403858438
518904116
1396035400
168446
571545156
1405650143
1405533111
445665094
1401196742
1405377290
432509882
1301884692
1353194608
456185330
1358455054